```yaml

 Example[m]: 'Covariance matrix:
   V =

    0.1418    0.0314    0.0231   -0.1032   -0.0185    0.0843
    0.0314    0.1303    0.1084    0.2158    0.1050   -0.2093
    0.0231    0.1084    0.1633    0.2841    0.1300   -0.2405
   -0.1032    0.2158    0.2841    2.0869    0.1645   -1.0370
   -0.0185    0.1050    0.1300    0.1645    0.6447   -0.5496
    0.0843   -0.2093   -0.2405   -1.0370   -0.5496    1.3277

   Eigenvalues:
   e =

    3.0003         0         0         0         0         0
         0    0.9356         0         0         0         0
         0         0    0.2434         0         0         0
         0         0         0    0.1947         0         0
         0         0         0         0    0.0852         0
         0         0         0         0         0    0.0355%

   Variance of the transformed counterfeit bank notes:
   v =

    1.7423'
```
